0.000000 9.969961
1.000661 9.969961
2.001322 13.958942
3.001983 16.811972
4.002645 18.960744
5.003306 20.562795
6.003967 21.696670
7.004628 22.411179
8.005289 22.743118
9.005950 22.724883
10.006612 22.388046
11.007273 21.765025
12.007934 20.889759
13.008595 19.797813
14.009256 18.526126
15.009917 17.112547
16.010579 15.595227
17.011240 14.011946
18.011901 12.399406
19.012562 10.792530
20.013223 9.223799
21.013884 7.722650
22.014545 6.314959
23.015207 5.022617
24.015868 3.863215
25.016529 2.849851
26.017190 1.991051
27.017851 1.290816
28.018512 0.748782
29.019174 0.360485
30.019835 0.117731
31.020496 0.009046
32.021157 0.020191
33.021818 0.134739
34.022479 0.334677
35.023140 0.601024
36.023802 0.914449
37.024463 1.255862
38.025124 1.606974
39.025785 1.950797
40.026446 2.272078
41.027107 2.557665
42.027769 2.796779
43.028430 2.981200
44.029091 3.105369
45.029752 3.166389
46.030413 3.163949
47.031074 3.100168
48.031736 2.979362
49.032397 2.807758
50.033058 2.593155
51.033719 2.344557
52.034380 2.071776
53.035041 1.785033
54.035702 1.494572
55.036364 1.210278
56.037025 0.941341
57.037686 0.695957
58.038347 0.481074
59.039008 0.302201
60.039669 0.163273
61.040331 0.066584
62.040992 0.012773
63.041653 0.000879
64.042314 0.028450
65.042975 0.091693
66.043636 0.185678
67.044298 0.304568
68.044959 0.441870
69.045620 0.590708
70.046281 0.744092
71.046942 0.895181
72.047603 1.037533
73.048264 1.165329
74.048926 1.273562
75.049587 1.358197
76.050248 1.416279
77.050909 1.446005
78.051570 1.446744
79.052231 1.419018
80.052893 1.364437
81.053554 1.285599
82.054215 1.185952
83.054876 1.069635
84.055537 0.941295
85.056198 0.805889
86.056860 0.668487
87.057521 0.534075
88.058182 0.407365
89.058843 0.292622
90.059504 0.193523
91.060165 0.113026
92.060826 0.053288
93.061488 0.015602
94.062149 0.000378
95.062810 0.007151
96.063471 0.034631
97.064132 0.080774
98.064793 0.142884
99.065455 0.217735
100.066116 0.301713
101.066777 0.390966
102.067438 0.481557
103.068099 0.569619
104.068760 0.651502
105.069421 0.723907
106.070083 0.784006
107.070744 0.829533
108.071405 0.858857
109.072066 0.871032
110.072727 0.865807
111.073388 0.843624
112.074050 0.805577
113.074711 0.753356
114.075372 0.689163
115.076033 0.615614
116.076694 0.535627
117.077355 0.452300
118.078017 0.368787
119.078678 0.288176
120.079339 0.213364
121.080000 0.146958
122.080661 0.091174
123.081322 0.047761
124.081983 0.017950
125.082645 0.002411
126.083306 0.001243
127.083967 0.013985
128.084628 0.039647
129.085289 0.076758
130.085950 0.123436
131.086612 0.177472
132.087273 0.236420
133.087934 0.297702
134.088595 0.358708
135.089256 0.416901
136.089917 0.469911
137.090579 0.515626
138.091240 0.552271
139.091901 0.578465
140.092562 0.593270
141.093223 0.596217
142.093884 0.587313
143.094545 0.567035
144.095207 0.536296
145.095868 0.496405
146.096529 0.449003
147.097190 0.395996
148.097851 0.339473
149.098512 0.281620
150.099174 0.224636
151.099835 0.170640
152.100496 0.121596
153.101157 0.079237
154.101818 0.045000
155.102479 0.019975
156.103140 0.004873
157.103802 0.000003
158.104463 0.005265
159.105124 0.020164
160.105785 0.043840
161.106446 0.075102
162.107107 0.112485
163.107769 0.154311
164.108430 0.198760
165.109091 0.243944
166.109752 0.287980
167.110413 0.329067
168.111074 0.365551
169.111736 0.395992
170.112397 0.419215
171.113058 0.434350
172.113719 0.440862
173.114380 0.438567
174.115041 0.427632
175.115702 0.408562
176.116364 0.382174
177.117025 0.349565
178.117686 0.312054
179.118347 0.271137
180.119008 0.228416
181.119669 0.185542
182.120331 0.144144
183.120992 0.105768
184.121653 0.071814
185.122314 0.043488
186.122975 0.021756
187.123636 0.007307
188.124298 0.000534
189.124959 0.001521
190.125620 0.010046
191.126281 0.025593
192.126942 0.047379
193.127603 0.074386
194.128264 0.105408
195.128926 0.139099
196.129587 0.174030
197.130248 0.208743
198.130909 0.241816
199.131570 0.271908
200.132231 0.297822
201.132893 0.318542
202.133554 0.333272
203.134215 0.341468
204.134876 0.342850
205.135537 0.337412
206.136198 0.325420
207.136860 0.307395
208.137521 0.284088
209.138182 0.256450
210.138843 0.225589
211.139504 0.192727
212.140165 0.159146
213.140826 0.126140
214.141488 0.094964
215.142149 0.066780
216.142810 0.042619
217.143471 0.023340
218.144132 0.009594
219.144793 0.001808
220.145455 0.000168
221.146116 0.004612
222.146777 0.014841
223.147438 0.030332
224.148099 0.050361
225.148760 0.074034
226.149421 0.100325
227.150083 0.128120
228.150744 0.156259
229.151405 0.183585
230.152066 0.208988
231.152727 0.231451
232.153388 0.250083
233.154050 0.264160
234.154711 0.273146
235.155372 0.276715
236.156033 0.274758
237.156694 0.267389
238.157355 0.254933
239.158017 0.237913
240.158678 0.217028
241.159339 0.193118
242.160000 0.167138
243.160661 0.140108
244.161322 0.113082
245.161983 0.087097
246.162645 0.063140
247.163306 0.042104
248.163967 0.024756
249.164628 0.011709
250.165289 0.003398
251.165950 0.000065
252.166612 0.001755
253.167273 0.008309
254.167934 0.019382
255.168595 0.034453
256.169256 0.052847
257.169917 0.073770
258.170579 0.096332
259.171240 0.119593
260.171901 0.142595
261.172562 0.164400
262.173223 0.184131
263.173884 0.201002
264.174545 0.214350
265.175207 0.223659
266.175868 0.228578
267.176529 0.228937
268.177190 0.224746
269.177851 0.216198
270.178512 0.203654
271.179174 0.187631
272.179835 0.168779
273.180496 0.147852
274.181157 0.125679
275.181818 0.103129
276.182479 0.081076
277.183140 0.060368
278.183802 0.041787
279.184463 0.026024
280.185124 0.013652
281.185785 0.005104
282.186446 0.000654
283.187107 0.000413
284.187769 0.004325
285.188430 0.012168
286.189091 0.023568
287.189752 0.038015
288.190413 0.054881
289.191074 0.073451
290.191736 0.092949
291.192397 0.112571
292.193058 0.131517
293.193719 0.149020
294.194380 0.164380
295.195041 0.176990
296.195702 0.186357
297.196364 0.192122
298.197025 0.194073
299.197686 0.192150
300.198347 0.186451
301.199008 0.177219
302.199669 0.164837
303.200331 0.149809
304.200992 0.132739
305.201653 0.114307
306.202314 0.095238
307.202975 0.076278
308.203636 0.058161
309.204298 0.041579
310.204959 0.027159
311.205620 0.015434
312.206281 0.006827
313.206942 0.001631
314.207603 0.000004
315.208264 0.001959
316.208926 0.007367
317.209587 0.015965
318.210248 0.027363
319.210909 0.041066
320.211570 0.056493
321.212231 0.072998
322.212893 0.089899
323.213554 0.106506
324.214215 0.122145
325.214876 0.136189
326.215537 0.148080
327.216198 0.157348
328.216860 0.163635
329.217521 0.166702
330.218182 0.166442
331.218843 0.162881
332.219504 0.156173
333.220165 0.146601
334.220826 0.134553
335.221488 0.120518
336.222149 0.105054
337.222810 0.088776
338.223471 0.072322
339.224132 0.056333
340.224793 0.041427
341.225455 0.028171
342.226116 0.017064
343.226777 0.008515
344.227438 0.002827
345.228099 0.000188
346.228760 0.000662
347.229421 0.004191
348.230083 0.010594
349.230744 0.019580
350.231405 0.030755
351.232066 0.043645
352.232727 0.057709
353.233388 0.072366
354.234050 0.087016
355.234711 0.101064
356.235372 0.113944
357.236033 0.125142
358.236694 0.134214
359.237355 0.140807
360.238017 0.144665
361.238678 0.145646
362.239339 0.143724
363.240000 0.138986
